c304Data = [-8.99592	-2.82961
-9.09767	-2.79467
-9.11323	-2.69502
-9.31959	-2.68522
-9.32542	-2.58579
-9.498	-2.53934
-9.56092	-2.42768
-9.65507	-2.45967
-9.74743	-2.38151
-9.73237	-2.28257
-9.85778	-2.22897
-9.90655	-2.09966
-10.0075	-2.11233
-10.1466	-2.09578
-10.1001	-2.15455
-10.0639	-2.19706
-10.0277	-2.23956
-9.97759	-2.29414
-9.92606	-2.34704
-9.87303	-2.39807
-9.83217	-2.43476
-9.79131	-2.47146
-9.73539	-2.5183
-9.69236	-2.55185
-9.64934	-2.58541
-9.59052	-2.62805
-9.54533	-2.65846
-9.50013	-2.68887
-9.43842	-2.72733
-9.39106	-2.75459
-9.34369	-2.78186
-9.2791	-2.81612
-9.21334	-2.8487
-9.16294	-2.87156
-9.11254	-2.89443
-9.06083	-2.91541
-9.00913	-2.93639
-8.93884	-2.96202
-8.88559	-2.97959
-8.83234	-2.99716
-8.76063	-3.01837
-8.7063	-3.03262
-8.65198	-3.04688
-8.57883	-3.06367
-8.52344	-3.07461
-8.46804	-3.08555
-8.39346	-3.09793
-8.337	-3.10555
-8.28053	-3.11317
-8.20452	-3.12113
-8.14698	-3.12544
-8.08944	-3.12975
-8.01201	-3.13328
-7.95339	-3.13428
-7.89478	-3.13527
-7.81781	-3.13427
-7.74214	-3.13028
-7.66648	-3.12628
-7.59213	-3.11928
-7.51866	-3.11029
-7.44606	-3.0993
-7.37433	-3.08631
-7.30347	-3.07132
-7.23393	-3.05333
-7.16439	-3.03534
-7.09616	-3.01436
-7.0288	-2.99137
-6.96276	-2.96539
-6.89671	-2.93941
-6.83198	-2.91043
-6.76812	-2.87945
-6.70557	-2.84547
-6.64302	-2.8115
-6.58178	-2.77452
-6.67665	-2.6866
-6.83122	-2.68872
-6.67928	-2.55728
-6.56221	-2.61265
-6.52142	-2.73555
-6.46193	-2.69458
-6.40332	-2.65161
-6.34558	-2.60664
-6.45288	-2.52841
-6.47101	-2.39686
-6.34481	-2.43902
-6.28871	-2.55967
-6.23272	-2.5107
-6.1776	-2.45974
-6.12336	-2.40678
-6.07042	-2.35082
-6.24127	-2.34028
-6.1984	-2.21187
-6.34821	-2.15932
-6.31711	-2.0355
-6.29793	-1.87505
-6.25049	-1.9266
-6.20305	-1.97815
-6.15562	-2.0297
-6.10818	-2.08125
-6.06074	-2.1328
-6.01331	-2.18434
-6.01749	-2.29485
-5.96587	-2.23589
-5.25514	-2.29293
-5.18407	-2.36802
-5.13441	-2.41638
-5.05652	-2.48636
-5.00231	-2.5313
-4.91759	-2.59616
-4.85883	-2.63769
-4.79826	-2.67786
-4.75112	-2.7067
-4.70398	-2.73555
-4.65479	-2.76286
-4.60561	-2.79017
-4.53775	-2.82488
-4.48516	-2.84963
-4.43256	-2.87438
-4.36015	-2.90567
-4.28588	-2.93527
-4.2097	-2.96282
-4.13161	-2.98833
-4.07125	-3.00555
-4.01089	-3.02277
-4.06414	-2.86623
-3.93074	-2.82545
-3.89097	-2.93561
-3.94838	-3.03769
-3.88587	-3.05262
-3.80013	-3.06996
-3.73404	-3.08106
-3.66794	-3.09216
-3.74805	-2.96216
-3.66553	-2.87543
-3.4491	-2.88705
-3.52985	-2.98593
-3.57743	-3.1044
-3.50775	-3.11167
-3.43808	-3.11895
-3.34279	-3.12609
-3.24559	-3.13119
-3.1709	-3.1331
-3.20471	-2.99413
-3.22281	-2.70302
-3.06849	-2.95052
-3.01199	-3.03616
-3.0962	-3.13502
-3.03991	-3.13488
-2.98361	-3.13475
-2.89145	-3.13202
-2.83059	-3.12838
-2.76972	-3.12474
-2.86732	-3.02479
-2.81191	-2.92987
-2.61352	-2.90995
-2.66216	-3.00824
-2.67927	-3.11655
-2.61954	-3.10927
-2.55981	-3.10199
-2.47106	-3.08835
-2.41247	-3.07743
-2.35387	-3.06651
-2.46837	-2.94012
-2.47078	-2.58741
-2.49208	-2.26083
-2.69028	-2.11753
-2.7559	-2.25837
-2.86975	-2.1511
-3.0595	-2.21138
-3.25541	-2.28441
-3.45809	-2.18997
-3.64654	-2.22868
-3.70347	-2.09283
-3.86734	-2.04203
-3.99393	-2.12069
-4.02639	-1.97526
-4.23067	-1.93862
-4.43227	-1.8839
-4.42618	-2.26018
-4.07737	-2.58444
-4.27091	-2.78968
-4.37777	-2.68969
-4.46808	-2.74508
-4.57954	-2.68527
-4.677	-2.63852
-4.68019	-2.53785
-4.81282	-2.51027
-4.92312	-2.38063
-4.89717	-2.17722
-4.94068	-2.06199
-5.0202	-2.1713
-5.10138	-2.27941
-5.21538	-2.23827
-5.17562	-2.18361
-5.13587	-2.12896
-5.09611	-2.0743
-5.05635	-2.01964
-5.01659	-1.96498
-4.97683	-1.91033
-4.93707	-1.85567
-4.89731	-1.80101
-4.82141	-1.89802
-4.69837	-1.90394
-4.74189	-1.7887
-4.85755	-1.74636
-4.81779	-1.6917
-4.77803	-1.63704
-4.73827	-1.58238
-4.69852	-1.52773
-4.65876	-1.47307
-4.619	-1.41841
-4.53788	-1.48694
-4.59138	-1.64745
-4.47551	-1.53616
-4.41182	-1.5835
-4.32486	-1.64371
-4.2581	-1.68669
-4.16704	-1.74108
-4.09721	-1.77968
-4.00206	-1.82825
-3.92909	-1.8624
-3.85499	-1.8935
-3.78008	-1.92121
-3.70435	-1.94553
-3.62779	-1.96645
-3.55042	-1.98398
-3.47223	-1.99811
-3.39323	-2.00886
-3.28661	-2.01791
-3.20569	-2.02073
-3.11476	-2.02011
-3.02201	-2.01584
-2.93274	-2.00792
-2.84695	-1.99634
-2.76465	-1.98111
-2.68582	-1.96222
-2.61047	-1.93968
-2.5386	-1.91348
-2.47022	-1.88362
-2.45154	-2.01964
-2.32797	-2.0795
-2.0631	-2.03092
-2.30625	-1.94444
-2.40531	-1.8501
-2.3443	-1.81305
-2.28927	-1.7728
-2.24047	-1.7294
-2.1979	-1.68283
-2.13501	-1.78307
-2.01684	-1.77703
-2.04744	-1.66308
-2.16156	-1.63311
-2.13145	-1.58023
-2.10757	-1.52419
-2.08991	-1.46499
-2.07849	-1.40264
-2.0733	-1.33712
-2.07446	-1.26295
-2.08238	-1.18784
-2.09416	-1.12739
-2.11452	-1.05743
-2.13666	-1.00128
-2.16942	-0.93654
-2.2032	-0.885551
-2.24365	-0.837487
-2.29075	-0.792347
-2.33323	-0.758342
-2.37998	-0.726208
-2.44441	-0.688673
-2.50072	-0.660673
-2.57813	-0.628086
-2.64567	-0.603946
-2.73712	-0.576185
-2.81589	-0.555906
-2.86864	-0.544439
-2.81875	-0.442003
-2.97307	-0.331835
-2.93188	-0.428458
-2.92138	-0.532971
-2.97811	-0.522776
-3.03484	-0.51258
-3.13244	-0.498385
-3.23638	-0.486374
-3.29152	-0.48146
-3.34666	-0.476547
-3.40418	-0.472452
-3.46329	-0.468903
-3.52398	-0.4659
-3.58626	-0.463443
-3.65013	-0.461533
-3.71558	-0.460168
-3.78261	-0.459349
-3.85124	-0.459076
-3.85124	-0.398203
-3.85124	-0.337331
-3.85124	-0.276458
-3.85124	-0.215586
-3.85124	-0.154713
-3.85124	-0.0938407
-3.85124	-0.0329682
-3.85124	0.0279043
-3.85124	0.0887768
-3.85124	0.149649
-3.85124	0.210522
-3.85124	0.271394
-3.85124	0.332267
-3.85124	0.393139
-3.85124	0.454012
-3.85124	0.514884
-3.79351	0.515128
-3.73693	0.515859
-3.6815	0.517078
-3.62721	0.518784
-3.52208	0.523659
-3.47123	0.526827
-3.42154	0.530483
-3.43981	0.439267
-3.48628	0.358675
-3.70605	0.372498
-3.72225	0.240958
-3.65182	0.119213
-3.74456	0.0583405
-3.7333	-0.0634045
-3.72972	-0.185149
-3.70023	-0.306894
-3.54929	-0.316763
-3.42635	-0.347647
-3.31048	-0.382368
-3.24785	-0.30327
-3.41842	-0.0559421
-3.09808	0.0812474
-2.68898	-0.0970429
-2.48736	0.211481
-2.21427	-0.256726
-2.55579	-0.459005
-2.40229	-0.533346
-2.25134	-0.589138
-2.24787	-0.695238
-2.04397	-0.816738
-1.94162	-0.956799
-1.92441	-1.12568
-1.90898	-1.29745
-1.97172	-1.45442
-1.90481	-1.55242
-1.42668	-1.57582
-1.48784	-0.995875
-1.53605	-0.509712
-1.52621	-0.325334
-1.36993	-0.429663
-1.15454	-0.58609
-1.1127	-0.737601
-0.988846	-0.978876
-0.911092	-0.885949
-0.817104	-0.80948
-0.790794	-0.871473
-0.767773	-0.935442
-0.739407	-1.0351
-0.718441	-1.1392
-0.813953	-1.1787
-0.802344	-1.2814
-0.885337	-1.3426
-0.948002	-1.58107
-1.01222	-1.81536
-0.995309	-1.9835
-1.24193	-2.21075
-1.33709	-2.42534
-1.44888	-2.54815
-1.5757	-2.48773
-1.75317	-2.65626
-1.90437	-2.79173
-2.04382	-2.78759
-2.0713	-2.88893
-2.22707	-2.84239
-2.26303	-2.94178
-2.26684	-3.0474
-2.20938	-3.03284
-2.15193	-3.01828
-2.0673	-2.99384
-2.01254	-2.97594
-1.95778	-2.95803
-1.87813	-2.92875
-1.82669	-2.90761
-1.77526	-2.88648
-1.70059	-2.85235
-1.62806	-2.81614
-1.55766	-2.77786
-1.46713	-2.72359
-1.40171	-2.68046
-1.33868	-2.63526
-1.25874	-2.57176
-1.20185	-2.52171
-1.1476	-2.46959
-1.07935	-2.39686
-1.03124	-2.33989
-0.971181	-2.2607
-0.915805	-2.17781
-0.86518	-2.09132
-0.831335	-2.02437
-0.792169	-1.93243
-0.767264	-1.86146
-0.740018	-1.76415
-0.719583	-1.66377
-0.70596	-1.56032
-0.699149	-1.45381
-0.698708	-1.36075
-0.701791	-1.30425
-0.704875	-1.24775
-0.711658	-1.19348
0.620465	-0.956617
0.635752	-1.0413
0.652495	-1.12441
0.670693	-1.20595
0.690348	-1.28591
0.700721	-1.3253
0.711459	-1.3643
0.73409	-1.44089
0.757918	-1.51582
0.782941	-1.5891
0.80916	-1.66073
0.836575	-1.73072
0.865186	-1.79905
0.894993	-1.86572
0.925996	-1.93075
0.958195	-1.99413
0.99159	-2.05586
1.02618	-2.11593
1.06257	-2.17353
1.09895	-2.23113
1.15667	-2.3132
1.21721	-2.39133
1.25953	-2.44037
1.30186	-2.48942
1.3458	-2.53591
1.39083	-2.5807
1.43693	-2.62378
1.48411	-2.66516
1.53237	-2.70484
1.58171	-2.74282
1.63212	-2.7791
1.68362	-2.81367
1.76289	-2.86233
1.81762	-2.89179
1.87235	-2.92126
1.95735	-2.96075
