position=[-7.77706	3.06093
-7.77706	2.96557
-7.77706	2.87022
-7.77706	2.77487
-7.77706	2.67951
-7.77706	2.58416
-7.77706	2.48881
-7.77706	2.39345
-7.77706	2.2981
-7.77706	2.20275
-7.77706	2.10739
-7.77706	2.01204
-7.77706	1.91669
-7.77706	1.82134
-7.77706	1.72598
-7.77706	1.63063
-7.77706	1.53528
-7.77706	1.43992
-7.77706	1.34457
-7.77706	1.24922
-7.77706	1.15386
-7.77706	1.05851
-7.77706	0.963156
-7.77706	0.867803
-7.77706	0.77245
-7.77706	0.677097
-7.77706	0.581743
-7.77706	0.48639
-7.77706	0.391037
-7.77706	0.295684
-7.77706	0.200331
-7.77706	0.104977
-7.77706	0.00962423
-7.77706	-0.085729
-7.77706	-0.181082
-7.77706	-0.276435
-7.77706	-0.371789
-7.77706	-0.467142
-7.77706	-0.562495
-7.77706	-0.657848
-7.77706	-0.753201
-7.77706	-0.848555
-7.77706	-0.943908
-7.77706	-1.03926
-7.77706	-1.13461
-7.77706	-1.22997
-7.77706	-1.32532
-7.77706	-1.42067
-7.77706	-1.51603
-7.77706	-1.61138
-7.77706	-1.70673
-7.77706	-1.80209
-7.77706	-1.89744
-7.77706	-1.99279
-7.77706	-2.08815
-7.77706	-2.1835
-7.77706	-2.27885
-7.77706	-2.37421
-7.77706	-2.46956
-7.77706	-2.56491
-7.77706	-2.66027
-7.77706	-2.75562
-7.77706	-2.85097
-7.77706	-2.94633
-7.77706	-3.04168
-7.69452	-3.04168
-7.61199	-3.04168
-7.52945	-3.04168
-7.44692	-3.04168
-7.36438	-3.04168
-7.28185	-3.04168
-7.19932	-3.04168
-7.11678	-3.04168
-7.03425	-3.04168
-6.95171	-3.04168
-6.86918	-3.04168
-6.78664	-3.04168
-6.70411	-3.04168
-6.62158	-3.04168
-6.53904	-3.04168
-6.45651	-3.04168
-6.45651	-2.97445
-6.45651	-2.90723
-6.45651	-2.84
-6.45651	-2.77278
-6.45651	-2.70555
-6.45651	-2.63833
-6.45651	-2.5711
-6.45651	-2.50388
-6.45651	-2.43665
-6.45651	-2.36943
-6.45651	-2.30221
-6.45651	-2.23498
-6.45651	-2.16776
-6.45651	-2.10053
-6.45651	-2.03331
-6.45651	-1.96608
-6.45651	-1.89886
-6.45651	-1.83163
-6.45651	-1.76441
-6.45651	-1.69718
-6.45651	-1.62996
-6.45651	-1.56273
-6.45651	-1.49551
-6.45651	-1.42828
-6.45651	-1.36106
-6.45651	-1.29383
-6.45651	-1.22661
-6.45651	-1.15938
-6.45651	-1.09216
-6.45651	-1.02493
-6.45651	-0.957709
-6.45651	-0.890484
-6.45684	-0.818105
-6.45783	-0.745258
-6.45949	-0.671943
-6.46181	-0.59816
-6.46479	-0.523909
-6.46844	-0.44919
-6.47275	-0.374003
-6.47772	-0.298348
-6.48336	-0.222225
-6.48965	-0.145634
-6.49662	-0.0685753
-6.50034	-0.0298704
-6.50644	0.028538
-6.51253	0.0869463
-6.52148	0.165409
-6.5262	0.204816
-6.53596	0.28371
-6.54573	0.362604
-6.55518	0.440586
-6.56438	0.517879
-6.57334	0.594483
-6.58205	0.670398
-6.59051	0.745624
-6.59465	0.782978
-6.60274	0.857171
-6.61059	0.930674
-6.61818	1.00349
-6.62553	1.07561
-6.63264	1.14705
-6.6395	1.2178
-6.64611	1.28786
-6.65247	1.35723
-6.61591	1.35723
-6.58291	1.27213
-6.54992	1.18704
-6.51692	1.10195
-6.48393	1.01685
-6.45093	0.93176
-6.41794	0.846667
-6.38494	0.761573
-6.35194	0.67648
-6.31895	0.591386
-6.28595	0.506293
-6.25296	0.421199
-6.21996	0.336106
-6.18697	0.251012
-6.15397	0.165918
-6.12098	0.0808249
-6.08798	-0.00426859
-6.04722	-0.0991876
-6.00645	-0.194107
-5.96569	-0.289026
-5.92492	-0.383945
-5.88416	-0.478864
-5.84339	-0.573783
-5.80263	-0.668702
-5.76187	-0.763621
-5.7211	-0.85854
-5.68034	-0.953459
-5.63957	-1.04838
-5.59881	-1.1433
-5.55804	-1.23822
-5.51728	-1.33314
-5.47651	-1.42805
-5.43575	-1.52297
-5.39499	-1.61789
-5.35422	-1.71281
-5.31346	-1.80773
-5.27269	-1.90265
-5.23193	-1.99757
-5.19116	-2.09249
-5.1504	-2.18741
-5.10963	-2.28233
-5.06887	-2.37724
-5.0281	-2.47216
-4.98734	-2.56708
-4.94658	-2.662
-4.90581	-2.75692
-4.86505	-2.85184
-4.82428	-2.94676
-4.78352	-3.04168
-4.69568	-3.04168
-4.60785	-3.04168
-4.52001	-3.04168
-4.43218	-3.04168
-4.34434	-3.04168
-4.2565	-3.04168
-4.16867	-3.04168
-4.08083	-3.04168
-3.993	-3.04168
-3.90516	-3.04168
-3.81733	-3.04168
-3.72949	-3.04168
-3.64166	-3.04168
-3.55382	-3.04168
-3.46598	-3.04168
-3.37815	-3.04168
-3.37815	-2.94633
-3.37815	-2.85097
-3.37815	-2.75562
-3.37815	-2.66027
-3.37815	-2.56491
-3.37815	-2.46956
-3.37815	-2.37421
-3.37815	-2.27885
-3.37815	-2.1835
-3.37815	-2.08815
-3.37815	-1.99279
-3.37815	-1.89744
-3.37815	-1.80209
-3.37815	-1.70673
-3.37815	-1.61138
-3.37815	-1.51603
-3.37815	-1.42067
-3.37815	-1.32532
-3.37815	-1.22997
-3.37815	-1.13461
-3.37815	-1.03926
-3.37815	-0.943908
-3.37815	-0.848555
-3.37815	-0.753201
-3.37815	-0.657848
-3.37815	-0.562495
-3.37815	-0.467142
-3.37815	-0.371789
-3.37815	-0.276435
-3.37815	-0.181082
-3.37815	-0.085729
-2.34862	-0.0364414
-2.3476	-0.137217
-2.34454	-0.236368
-2.34033	-0.309208
-2.33612	-0.382048
-2.32795	-0.477136
-2.31775	-0.5706
-2.3055	-0.662439
-2.29122	-0.752653
-2.27489	-0.841242
-2.25652	-0.928206
-2.23612	-1.01355
-2.21367	-1.09726
-2.18918	-1.17935
-2.16264	-1.25981
-2.13407	-1.33865
-2.10353	-1.41586
-2.07922	-1.4722
-2.05491	-1.52854
-2.02897	-1.58299
-2.00304	-1.63745
-1.96665	-1.70795
-1.93801	-1.75926
-1.90937	-1.81057
-1.86938	-1.87688
-1.83803	-1.92505
-1.80669	-1.97321
-1.76309	-2.03534
-1.71804	-2.09578
-1.67156	-2.15455
-1.63534	-2.19706
-1.59913	-2.23956
-1.54904	-2.29414
-1.4975	-2.34704
-1.44447	-2.39807
-1.40361	-2.43476
-1.36276	-2.47146
-1.30683	-2.5183
-1.26381	-2.55185
-1.22078	-2.58541
-1.16197	-2.62805
-1.10199	-2.66902
-1.05593	-2.69817
-1.00987	-2.72733
-0.947005	-2.7641
-0.898772	-2.79011
-0.85054	-2.81612
-0.801006	-2.84024
-0.751472	-2.86436
-0.68398	-2.89443
-0.632277	-2.91541
-0.580574	-2.93639
-0.510287	-2.96202
-0.457036	-2.97959
-0.403786	-2.99716
-0.332069	-3.01837
-0.277746	-3.03262
-0.223423	-3.04688
-0.150276	-3.06367
-0.0948807	-3.07461
-0.0394849	-3.08555
0.0350912	-3.09793
0.0915594	-3.10555
0.148028	-3.11317
0.224034	-3.12113
0.281574	-3.12544
0.339115	-3.12975
0.416551	-3.13328
0.475164	-3.13428
0.533777	-3.13527
0.61075	-3.13427
0.686411	-3.13028
0.762072	-3.12628
0.836423	-3.11928
0.909899	-3.11029
0.9825	-3.0993
1.05379	-3.08531
1.12508	-3.07132
1.19506	-3.05433
1.26417	-3.03534
1.3324	-3.01436
1.39932	-2.99037
1.46624	-2.96639
1.53184	-2.93941
1.59658	-2.91043
1.66044	-2.87945
1.72342	-2.84647
1.78553	-2.8115
1.84677	-2.77452
1.90714	-2.73555
1.96662	-2.69458
2.0248	-2.65061
2.08298	-2.60664
2.13985	-2.55967
2.19584	-2.5107
2.25096	-2.45974
2.3052	-2.40678
2.35857	-2.35181
2.41063	-2.29385
2.46269	-2.23589
3.53764	-1.84972
3.55908	-1.90756
3.58174	-1.96414
3.60563	-2.01946
3.63075	-2.07352
3.65709	-2.12633
3.68527	-2.17725
3.71345	-2.22817
3.74347	-2.27721
3.77471	-2.32498
3.80717	-2.3715
3.84087	-2.41676
3.8764	-2.46014
3.91193	-2.50351
3.94941	-2.54493
3.98817	-2.58494
4.02819	-2.62355
4.06948	-2.66075
4.11203	-2.69655
4.15649	-2.73025
4.20095	-2.76394
4.2473	-2.79553
4.29493	-2.82571
4.34382	-2.85449
4.39398	-2.88187
4.44541	-2.90784
4.49811	-2.93241
4.5527	-2.95487
4.6073	-2.97733
4.66443	-2.99699
4.72156	-3.01664
4.78059	-3.03419
4.84153	-3.04963
4.90246	-3.06508
4.96529	-3.07841
5.0294	-3.09035
5.09477	-3.10088
5.1614	-3.11
5.22931	-3.11772
5.29911	-3.12334
5.36892	-3.12895
5.44062	-3.13246
5.5136	-3.13457
5.58784	-3.13527
5.66139	-3.13457
5.73367	-3.13246
5.80467	-3.12895
5.87439	-3.12404
5.94284	-3.11772
6.01001	-3.11
6.0759	-3.10088
6.14051	-3.09035
6.20385	-3.07841
6.26591	-3.06508
6.32605	-3.04963
6.38619	-3.03419
6.44442	-3.01664
6.50137	-2.99769
6.55705	-2.97733
6.61144	-2.95557
6.66456	-2.93241
6.71577	-2.90714
6.76697	-2.88187
6.81626	-2.85449
6.86363	-2.82501
6.911	-2.79553
6.95646	-2.76394
7.00064	-2.73095
7.04354	-2.69655
7.08516	-2.66075
7.12551	-2.62355
7.16458	-2.58494
7.20238	-2.54493
7.23889	-2.50351
7.27417	-2.46077
7.30825	-2.41676
7.34114	-2.3715
7.37283	-2.32498
7.40333	-2.27721
7.43263	-2.22817
7.46073	-2.17788
7.48764	-2.12633
7.51336	-2.07352
7.53787	-2.01946
7.56119	-1.96414
7.58332	-1.90756
7.60425	-1.84972
7.62398	-1.79062
7.64251	-1.73027
7.65986	-1.66866
7.676	-1.60579
7.69095	-1.54166
7.7047	-1.47628
7.71726	-1.40964
7.72862	-1.34174
7.73879	-1.27258
7.74776	-1.20217
7.75553	-1.13049
7.76211	-1.05756
7.76749	-0.983376
7.77167	-0.907931
7.77466	-0.831228
7.77646	-0.753267
7.77706	-0.674049
7.77706	-0.615393
7.77706	-0.556737
7.77706	-0.498081
7.77706	-0.439425
7.77706	-0.380769
7.77706	-0.322113
