q0 = [ 3.4418   -0.9626    1.5597   -2.1679    1.5708   -1.8710];
qlist = q0;
%% Euler  Integral Parameters;
endTime = 20;
steps = 2000;
dt = endTime/steps;
t=0;

