qing = [-4.07645	0.718954
-4.07645	0.796644
-4.07645	0.874334
-4.07645	0.952024
-4.07645	1.02971
-4.07645	1.1074
-4.07645	1.18509
-4.07645	1.26278
-4.03529	1.26278
-3.95347	1.26278
-3.87232	1.26278
-3.79183	1.26278
-3.712	1.26278
-3.63284	1.26278
-3.55433	1.26278
-3.4765	1.26278
-3.43783	1.26278
-3.36098	1.26278
-3.2848	1.26278
-3.20928	1.26278
-3.13443	1.26278
-3.06023	1.26278
-2.9867	1.26278
-2.91384	1.26278
-2.83555	1.26278
-2.75727	1.26278
-2.67898	1.26278
-2.6007	1.26278
-2.52242	1.26278
-2.44413	1.26278
-2.36585	1.26278
-2.28756	1.26278
-2.20928	1.26278
-2.13099	1.26278
-2.05271	1.26278
-1.97443	1.26278
-1.89614	1.26278
-1.81786	1.26278
-1.73957	1.26278
-1.66129	1.26278
-1.583	1.26278
-1.50472	1.26278
-1.42644	1.26278
-1.34815	1.26278
-1.26987	1.26278
-1.19158	1.26278
-1.1133	1.26278
-1.03502	1.26278
-0.956731	1.26278
-0.878447	1.26278
-0.800163	1.26278
-0.721878	1.26278
-0.643594	1.26278
-0.56531	1.26278
-0.487026	1.26278
-0.408741	1.26278
-0.408741	1.32548
-0.408741	1.38819
-0.408741	1.45089
-0.408741	1.51359
-0.408741	1.57629
-0.408741	1.63899
-0.408741	1.70169
-0.408741	1.76439
-0.512206	1.76439
-0.615671	1.76439
-0.719136	1.76439
-0.822601	1.76439
-0.926066	1.76439
-1.02953	1.76439
-1.133	1.76439
-1.23646	1.76439
-1.33993	1.76439
-1.44339	1.76439
-1.54686	1.76439
-1.65032	1.76439
-1.75379	1.76439
-1.85725	1.76439
-1.96072	1.76439
-2.06418	1.76439
-2.10253	1.76439
-2.17883	1.76439
-2.25462	1.76439
-2.32988	1.76439
-2.40463	1.76439
-2.47885	1.76439
-2.55256	1.76439
-2.62574	1.76439
-2.66214	1.76439
-2.73455	1.76439
-2.80643	1.76439
-2.8778	1.76439
-2.94864	1.76439
-3.01897	1.76439
-3.08877	1.76439
-3.15806	1.76439
-3.15806	1.84208
-3.15806	1.91977
-3.15806	1.99746
-3.15806	2.07515
-3.15806	2.15284
-3.15806	2.23053
-3.15806	2.30822
-3.15806	2.38591
-3.08877	2.38591
-3.01897	2.38591
-2.94864	2.38591
-2.8778	2.38591
-2.80643	2.38591
-2.73455	2.38591
-2.66214	2.38591
-2.62574	2.38591
-2.55256	2.38591
-2.47885	2.38591
-2.40463	2.38591
-2.32988	2.38591
-2.25462	2.38591
-2.17883	2.38591
-2.10253	2.38591
-2.06418	2.38591
-1.96072	2.38591
-1.85725	2.38591
-1.75379	2.38591
-1.65032	2.38591
-1.54686	2.38591
-1.44339	2.38591
-1.33993	2.38591
-1.23646	2.38591
-1.133	2.38591
-1.02953	2.38591
-0.926066	2.38591
-0.822601	2.38591
-0.719136	2.38591
-0.615671	2.38591
-0.512206	2.38591
-0.408741	2.38591
-0.408741	2.44861
-0.408741	2.51131
-0.408741	2.57401
-0.408741	2.63671
-0.408741	2.69941
-0.408741	2.76211
-0.408741	2.82481
-0.408741	2.88751
-0.473133	2.88751
-0.537524	2.88751
-0.601916	2.88751
-0.666307	2.88751
-0.730698	2.88751
-0.79509	2.88751
-0.859481	2.88751
-0.923873	2.88751
-0.988264	2.88751
-1.05266	2.88751
-1.11705	2.88751
-1.18144	2.88751
-1.24583	2.88751
-1.31022	2.88751
-1.37461	2.88751
-1.439	2.88751
-1.5034	2.88751
-1.56779	2.88751
-1.63218	2.88751
-1.69657	2.88751
-1.76096	2.88751
-1.82535	2.88751
-1.88974	2.88751
-1.95414	2.88751
-2.01853	2.88751
-2.08292	2.88751
-2.14731	2.88751
-2.2117	2.88751
-2.27609	2.88751
-2.34048	2.88751
-2.40487	2.88751
-2.46927	2.88751
-2.51011	2.88751
-2.59122	2.88751
-2.67152	2.88751
-2.75104	2.88751
-2.7905	2.88751
-2.86883	2.88751
-2.94636	2.88751
-3.0231	2.88751
-3.09905	2.88751
-3.1742	2.88751
-3.24856	2.88751
-3.32213	2.88751
-3.39491	2.88751
-3.46689	2.88751
-3.53808	2.88751
-3.60848	2.88751
-3.60848	2.9652
-3.60848	3.04289
-3.60848	3.12058
-3.60848	3.19827
-3.60848	3.27596
-3.60848	3.35365
-3.60848	3.43134
-3.60848	3.50903
-3.56857	3.50903
-3.48915	3.50903
-3.41024	3.50903
-3.33186	3.50903
-3.25399	3.50903
-3.17665	3.50903
-3.09982	3.50903
-3.02352	3.50903
-2.98556	3.50903
-2.91003	3.50903
-2.83503	3.50903
-2.76054	3.50903
-2.68658	3.50903
-2.61313	3.50903
-2.54021	3.50903
-2.4678	3.50903
-2.40346	3.50903
-2.33911	3.50903
-2.27477	3.50903
-2.21042	3.50903
-2.14608	3.50903
-2.08173	3.50903
-2.01738	3.50903
-1.95304	3.50903
-1.88869	3.50903
-1.82435	3.50903
-1.76	3.50903
-1.69566	3.50903
-1.63131	3.50903
-1.56696	3.50903
-1.50262	3.50903
-1.43827	3.50903
-1.37393	3.50903
-1.30958	3.50903
-1.24524	3.50903
-1.18089	3.50903
-1.11654	3.50903
-1.0522	3.50903
-0.987853	3.50903
-0.923507	3.50903
-0.859161	3.50903
-0.794816	3.50903
-0.73047	3.50903
-0.666124	3.50903
-0.601779	3.50903
-0.537433	3.50903
-0.473087	3.50903
-0.408741	3.50903
-0.409066	3.5654
-0.409391	3.62176
-0.410732	3.70378
-0.413657	3.80978
-0.417881	3.91193
-0.421903	3.98601
-0.428403	4.08143
-0.436202	4.17299
-0.445302	4.26071
-0.344761	4.26071
-0.244221	4.26071
-0.143681	4.26071
-0.0431409	4.26071
0.0573993	4.26071
0.157939	4.26071
0.25848	4.26071
0.35902	4.26071
0.352073	4.1887
0.343949	4.0916
0.337124	3.99325
0.3316	3.89365
0.328309	3.81813
0.32506	3.71634
0.32311	3.61331
0.32246	3.50903
0.386074	3.50903
0.449689	3.50903
0.513303	3.50903
0.576918	3.50903
0.640532	3.50903
0.704147	3.50903
0.767761	3.50903
0.831376	3.50903
0.89499	3.50903
0.958605	3.50903
1.02222	3.50903
1.08583	3.50903
1.14945	3.50903
1.21306	3.50903
1.27668	3.50903
1.34029	3.50903
1.40391	3.50903
1.46752	3.50903
1.53114	3.50903
1.59475	3.50903
1.65836	3.50903
1.72198	3.50903
1.78559	3.50903
1.84921	3.50903
1.91282	3.50903
1.97644	3.50903
2.04005	3.50903
2.10367	3.50903
2.16728	3.50903
2.23089	3.50903
2.29451	3.50903
2.35812	3.50903
2.40234	3.50903
2.48989	3.50903
2.57627	3.50903
2.66147	3.50903
2.70364	3.50903
2.7871	3.50903
2.86938	3.50903
2.95049	3.50903
3.03044	3.50903
3.10921	3.50903
3.18682	3.50903
3.26325	3.50903
3.33852	3.50903
3.41261	3.50903
3.48554	3.50903
3.55729	3.50903
3.55729	3.43134
3.55729	3.35365
3.55729	3.27596
3.55729	3.19827
3.55729	3.12058
3.55729	3.04289
3.55729	2.9652
3.55729	2.88751
3.4857	2.88751
3.41326	2.88751
3.33998	2.88751
3.26585	2.88751
3.19088	2.88751
3.11506	2.88751
3.0384	2.88751
2.96089	2.88751
2.88254	2.88751
2.80334	2.88751
2.7233	2.88751
2.68296	2.88751
2.60165	2.88751
2.5195	2.88751
2.4365	2.88751
2.39468	2.88751
2.32993	2.88751
2.26517	2.88751
2.20041	2.88751
2.13566	2.88751
2.0709	2.88751
2.00614	2.88751
1.94138	2.88751
1.87663	2.88751
1.81187	2.88751
1.74711	2.88751
1.68236	2.88751
1.6176	2.88751
1.55284	2.88751
1.48809	2.88751
1.42333	2.88751
1.35857	2.88751
1.29381	2.88751
1.22906	2.88751
1.1643	2.88751
1.09954	2.88751
1.03479	2.88751
0.97003	2.88751
0.905273	2.88751
0.840516	2.88751
0.775759	2.88751
0.711002	2.88751
0.646245	2.88751
0.581488	2.88751
0.516731	2.88751
0.451974	2.88751
0.387217	2.88751
0.32246	2.88751
0.32246	2.82481
0.32246	2.76211
0.32246	2.69941
0.32246	2.63671
0.32246	2.57401
0.32246	2.51131
0.32246	2.44861
0.32246	2.38591
0.378077	2.38591
0.433694	2.38591
0.489311	2.38591
0.544928	2.38591
0.600545	2.38591
0.656162	2.38591
0.711779	2.38591
0.767396	2.38591
0.823013	2.38591
0.87863	2.38591
0.934247	2.38591
0.989864	2.38591
1.04548	2.38591
1.1011	2.38591
1.15671	2.38591
1.21233	2.38591
1.26795	2.38591
1.32357	2.38591
1.37918	2.38591
1.4348	2.38591
1.49042	2.38591
1.54603	2.38591
1.60165	2.38591
1.65727	2.38591
1.71288	2.38591
1.7685	2.38591
1.82412	2.38591
1.87974	2.38591
1.93535	2.38591
1.99097	2.38591
2.04659	2.38591
2.1022	2.38591
2.16665	2.38591
2.23167	2.38591
2.29729	2.38591
2.36349	2.38591
2.43056	2.38591
2.49764	2.38591
2.59979	2.38591
2.66862	2.38591
2.73803	2.38591
2.80803	2.38591
2.87862	2.38591
2.94979	2.38591
3.02154	2.38591
3.09388	2.38591
3.13027	2.38591
3.13027	2.30822
3.13027	2.23053
3.13027	2.15284
3.13027	2.07515
3.13027	1.99746
3.13027	1.91977
3.13027	1.84208
3.13027	1.76439
3.09388	1.76439
3.02154	1.76439
2.94979	1.76439
2.87862	1.76439
2.80803	1.76439
2.73803	1.76439
2.66862	1.76439
2.59979	1.76439
2.49764	1.76439
2.43056	1.76439
2.36349	1.76439
2.29729	1.76439
2.23167	1.76439
2.16665	1.76439
2.1022	1.76439
2.04659	1.76439
1.99097	1.76439
1.93535	1.76439
1.87974	1.76439
1.82412	1.76439
1.7685	1.76439
1.71288	1.76439
1.65727	1.76439
1.60165	1.76439
1.54603	1.76439
1.49042	1.76439
1.4348	1.76439
1.37918	1.76439
1.32357	1.76439
1.26795	1.76439
1.21233	1.76439
1.15671	1.76439
1.1011	1.76439
1.04548	1.76439
0.989864	1.76439
0.934247	1.76439
0.87863	1.76439
0.823013	1.76439
0.767396	1.76439
